10000
9702
9528
1790
46
9360
4810
5720
2728
1652
6502
7556
5106
8628
1016
5376
5884
3054
9318
8460
6208
4742
9310
6878
4776
4316
9060
7896
6416
5856
250
8990
3148
3348
5254
6984
7406
5840
4400
5984
6796
1850
1440
728
4704
3594
3062
4438
7998
7730
168
9856
3456
5946
3130
1762
4330
3530
590
546
5146
7264
7722
50
436
2210
4964
2902
3058
4070
502
5948
6210
566
6838
1520
7382
8348
6230
924
9872
9440
8728
9246
1596
3050
218
1678
8896
1092
406
7846
4168
4616
8118
8432
4316
5886
4206
9650
6706
6874
5268
1246
4102
6968
6246
4216
5852
9660
686
228
7746
7814
3056
5386
7000
1694
4128
4574
3782
9318
8552
756
2000
894
700
4986
2868
2938
7270
8750
5958
7528
2752
7814
5704
9912
5836
4820
7944
7578
6404
2140
5626
2140
6462
6304
9038
6382
6636
4674
952
5464
3390
1758
6092
2038
1348
5284
3146
64
9026
2660
8228
3644
2180
3268
344
7124
3910
3140
5480
8882
8562
8126
824
8710
142
1916
6540
5598
2494
9386
8092
2400
2694
5016
3794
1092
8260
5036
6024
7840
3378
6226
6812
7072
4392
3916
9340
988
6048
8238
3600
7232
8268
4002
1938
2224
5600
2664
1526
4360
8834
3190
2870
2084
9612
9306
4248
3644
4658
4714
7122
1302
6884
4320
3092
9906
6708
7946
9846
4756
3766
8862
7638
7010
5366
8718
4630
5770
4614
2504
4854
5454
1472
1818
4904
6366
2792
2438
7058
2178
5470
7176
5056
4412
4218
3644
5904
2732
7314
6722
6836
2460
5250
4664
2840
6720
8240
4582
68
6528
3164
6498
5710
2284
1780
8608
5092
8932
8702
4726
1862
2438
5608
9602
8062
5708
3312
2550
2786
4556
9480
3668
630
7806
7978
6062
7244
2238
2664
422
5902
2324
3544
6360
6794
5474
5486
5222
9762
6544
5476
7930
2428
9210
6492
344
4774
1416
3456
2152
618
7082
3290
8164
1716
6102
5500
3354
4152
8496
8984
1038
1388
8782
4138
2780
6240
4982
6388
6074
2348
6058
6824
66
8010
6550
2316
1952
5720
6014
4172
7786
7726
3010
236
1106
8518
4270
1876
7612
7560
8918
948
466
5746
36
2908
7724
8228
8352
6616
7070
1604
2030
6698
9038
9912
3682
1456
4772
3848
9658
1116
5710
2170
1082
3290
6370
2100
9044
9370
6358
634
3564
1800
6260
5546
1724
5264
9040
1382
8108
6288
212
9812
212
1112
7370
9770
4592
8948
1414
7764
7752
894
6732
8374
9172
7058
722
8502
3198
7012
8988
9390
5590
6056
7922
2600
9892
8840
7400
4788
4530
3650
5502
1484
3222
7536
578
2464
548
2496
9218
3120
3778
4794
2780
2384
3318
8538
8174
1834
2872
8636
5230
4338
3886
3086
6938
2100
72
1948
280
2188
6498
9680
7834
958
1506
4360
4778
3664
470
52
8442
1924
5190
1432
8656
7956
6972
9124
8132
2074
4458
3374
5964
3012
2344
722
6472
2890
9842
488
8330
6812
7916
7868
9598
7744
6274
9608
1546
7736
8312
9324
7946
3892
4464
9504
6636
6426
1930
3556
7328
3736
6198
3102
2890
4590
8392
5032
2016
8560
8248
4836
7416
812
4214
5130
1604
538
8142
2032
9172
930
882
1318
1778
6736
4476
6838
5442
6964
7292
8260
3026
9354
4878
2570
3636
7046
4370
9568
8368
4814
1764
1158
740
8572
3162
4122
1850
952
2990
1156
9266
4786
6226
9832
5994
9022
7674
7782
3866
5478
8526
3214
1288
3090
9680
3752
4114
500
3098
8332
6112
6188
6256
9242
7316
6324
1306
5826
944
1734
2266
6778
3362
1640
2572
270
9258
1450
4814
126
5780
8284
8992
928
4328
1760
3996
5892
8072
1182
8942
7124
8710
1784
4088
438
7010
9500
3106
9790
956
2648
6964
9376
2746
6644
3068
6224
3806
374
7516
2130
7444
9190
2744
8132
8054
7370
818
3044
144
3856
6994
2750
9806
2230
5078
3842
7166
3332
1780
4472
4608
9220
7436
6328
4724
9882
1092
1080
1354
200
9448
768
810
4478
8040
8068
9884
4088
2098
5876
4900
5530
2622
2090
1200
1266
6470
4906
5224
4690
6852
5852
8934
4040
1576
5642
6238
4264
144
1444
6944
9180
9008
4126
6600
4878
764
9772
7490
2108
4864
3938
3044
5016
7932
4566
8422
62
1954
3166
2658
7148
3594
5028
7106
2168
1100
8816
2956
634
8110
8900
3440
1824
3584
7394
4606
8804
8202
2156
3612
9742
4352
452
4528
9462
3188
3652
7650
2516
3142
1722
4202
598
840
9786
3304
6668
6164
9002
4534
7602
2682
9046
7574
394
5614
6520
8698
2068
6680
3494
8464
6544
9730
3980
6854
8054
9066
8170
6228
6752
7064
9634
1644
2988
2584
738
3818
8294
2874
5602
5584
5560
8982
6976
2788
356
4778
8472
1118
7388
974
4688
3434
1614
2870
1246
8894
8266
9762
2788
1898
228
232
4912
5026
2050
1432
4174
5598
5776
1542
1308
658
2380
5370
8874
9632
8194
1424
7918
5692
8074
2526
2724
6388
1076
4998
946
2808
3024
7308
2900
5238
3792
5688
9340
8504
46
4802
7054
1642
3758
9830
3124
7512
9674
1766
8234
478
5382
546
1502
1732
6540
9038
3838
2826
6644
5434
9572
8578
4276
3960
6158
4186
3266
7848
8834
2698
2162
6436
9248
9864
9082
8512
4666
8050
2298
6086
1368
9904
5776
7704
672
8556
1602
850
7596
8886
766
9510
4676
1206
5760
8462
4960
5234
664
5648
7602
8534
6248
8420
804
1010
1750
7628
6024
7082
1630
6350
6818
3216
9472
7692
6788
50
9242
8090
3276
1958
8840
2104
2140
2954
7160
9832
6130
2532
250
9820
3160
3736
6214
5400
8438
1880
4212
4440
262
7292
1124
8060
5754
9512
1698
8558
3414
4328
958
4832
5230
92
8848
5842
5578
9212
5100
6824
4112
658
3448
8276
9378
3346
1718
584
5488
514
1168
3190
6824
3618
1054
1718
5466
8316
8596
9238
3680
7018
8162
6316
7948
9816
6294
5516
3928
9620
8266
5988
7486
8500
9764
4650
8152
8504
2376
2114
7416
4578
1306
4352
488
7414
9666
6038
3390
5664
5676
6966
9418
5774
8608
9950
9758
6792
4200
3590
356
6094
6286
3808
1854
2732
4758
8760
4486
6188
1652
5982
5770
9640
1244
54
9492
6310
3156
5186
452
1134
8784
2346
82
8622
8580
2362
2064
2424
3446
3994
6696
4120
4066
1716
6414
3612
7362
2112
3478
9206
4294
6484
7292
2642
9372
8746
6918
8870
4348
8244
176
6458
3852
4888
8448
5778
1996
6194
7432
128
5634
878
9272
7720
8958
4344
7324
1138
5778
8346
6780
7256
2914
2004
2090
7738
2132
7218
6150
8208
5846
182
8518
8342
2476
8104
9850
2590
216
6154
4540
9284
4876
128
48
5342
9864
2014
7750
5688
3706
8398
8956
6844
9762
1156
560
4692
740
8964
2028
762
890
7768
4114
4342
9758
2038
148
436
4294
6380
2662
9568
2128
4224
5458
2916
9480
2566
5090
1146
1690
6202
1884
3136
9820
8504
3316
7322
6766
6536
3066
6520
4274
3886
498
3316
4472
1742
3754
3914
7854
2450
1416
7774
9138
6888
7082
6754
294
5236
3456
4608
3252
9898
9280
1084
7610
4924
7370
6472
5004
1170
6894
8616
1176
3318
7868
2150
6274
4382
8746
5774
2294
4306
5828
100
3986
5560
7354
5962
8750
8392
8780
8438
8680
752
5530
9554
3912
6866
5644
4888
7092
8854
522
1032
1098
1196
4642
4278
3266
1478
3636
758
2628
4902
8224
6486
3620
1934
5578
148
6990
6736
6630
9568
5046
2702
3922
2260
8038
6018
3428
3026
7300
4198
6436
220
8264
2214
3518
6986
9476
4922
8204
8010
3052
7544
1082
9904
810
4392
1874
6562
8614
3988
7236
3918
2638
2604
3470
838
5476
6886
2886
3314
4788
4936
6914
8772
9122
4814
1792
792
9624
2366
7246
3136
8132
3516
498
8842
5812
4136
3678
68
2802
5386
9428
9582
2170
1830
2664
328
6850
5376
9122
9570
4216
2314
8394
5084
6284
9088
3764
5956
9386
6418
3816
4486
5632
4938
7112
2418
1956
332
9140
7068
7566
1730
4642
5030
858
4800
6628
1326
50
888
6462
7526
9010
3066
2840
9550
9444
2732
6430
90
1398
5512
1216
2056
6524
7650
810
3364
6558
7532
5386
5152
4744
8784
3656
2408
7488
8050
3492
6938
7274
1318
2372
8516
1592
4646
4670
5078
4614
6822
124
1602
2040
1468
2800
4692
6008
5212
7450
6346
5752
9004
4786
8464
2416
7704
6122
8286
8948
5292
4790
7756
6584
4926
7422
28
6622
3364
7852
4214
118
7650
8998
5436
2232
5706
1562
4708
9714
8048
56
5768
6630
8706
110
6894
2834
182
4312
9178
4686
4760
586
6160
9900
7496
9828
5428
288
9940
3072
3258
2720
9792
9854
2258
1172
6202
2226
3244
9264
2604
2946
5732
7042
6630
6776
9670
2742
862
438
3094
2730
498
3648
9378
7012
5358
6956
4420
1204
1482
180
8740
3376
556
9028
9166
3030
4628
8398
6038
9646
5290
7004
718
2916
1318
1486
1872
5294
8642
5082
196
4920
9712
6554
2538
6092
6740
6658
8168
5340
7778
8812
7214
3322
4648
1300
2514
6238
500
5170
5458
2676
9870
6316
6016
2280
7434
6712
774
2768
7982
2872
2866
8368
7128
8734
2500
9470
7280
4012
4276
2364
6096
8942
7706
9654
2828
1588
4178
7722
5974
6108
3086
2996
2292
738
3994
6368
6102
9122
5124
5148
7574
5582
3160
7180
7604
8548
3342
6484
9144
8510
8554
2372
3928
6086
6620
368
8694
8026
3110
560
808
328
9262
8944
1942
74
5626
674
4974
4040
5620
1634
940
9422
3500
6430
5116
7822
3278
3410
94
1580
1448
4158
3660
8376
7728
5980
6160
1442
5432
5204
5370
4820
1356
4948
2362
9846
8502
8232
4452
1008
8644
1360
4918
3914
8608
9426
2516
4216
1322
1170
1710
2312
7824
7554
7476
8600
8012
7866
4900
7608
6124
4718
7370
7366
1598
3002
3470
1526
2412
6718
6552
8002
5714
5216
76
1152
5544
2034
8796
7900
7954
6194
9094
1722
162
8848
406
4272
8942
7712
4282
6262
2932
4350
3804
582
3944
8500
8358
5564
3376
956
610
4634
1490
9126
2404
8876
9410
5436
7824
8778
6608
1224
858
7304
6112
9278
6482
2002
8226
1218
5998
4128
4452
8148
4126
8004
5288
8864
2562
2436
7482
1234
7640
3012
7960
2526
4302
1868
1902
3984
5406
6458
3422
3856
2398
8236
6694
412
7844
8804
5164
8196
104
8596
1834
2552
4294
2332
4472
1742
756
7704
8688
4332
3518
8660
450
3742
2304
9046
9078
6854
1604
3410
8258
2336
3144
9700
7876
2142
2812
954
2014
2148
7942
2046
3600
1764
716
6586
3152
6604
2580
902
6300
3016
1690
6638
6848
260
8622
3814
3214
3688
86
1346
1432
3732
7234
2978
8934
5714
6052
4216
5316
7812
9322
6446
692
1272
9208
2984
4982
5164
3326
4636
6426
2234
354
7092
9176
3114
7492
3562
4682
872
1000
6834
6168
3924
4702
810
122
902
7340
5404
9396
460
9422
1910
3576
6008
2114
372
8496
7666
9336
1178
7840
362
1044
3772
6750
4880
7432
3174
1198
5750
2294
1368
7050
6876
3100
3194
5568
1626
7796
8280
8296
346
5720
3410
9472
9470
732
692
9620
2418
1492
3354
4110
8582
9252
4878
8426
2974
44
516
6984
2780
6754
1712
1706
8988
6832
6404
3638
9836
9652
4646
4128
3946
1466
8900
2344
3516
3198
6682
9062
6526
9878
9366
3348
604
8098
3064
9468
6392
1114
6918
8522
5382
5566
576
7844
6996
9708
6784
1298
3302
2436
6868
9206
7508
6582
58
2792
284
7866
5210
5716
5254
8892
5368
2056
502
388
6882
8504
6666
5248
8522
1290
5322
5338
3862
666
3392
3018
2558
9728
7584
9192
7118
4852
3140
1576
1502
5778
2780
8772
8772
6880
7206
6390
952
9142
7444
9838
5560
6282
9648
3900
9268
8656
6900
3018
3812
7850
9738
7316
3128
8722
1518
324
5734
5274
6912
2566
4142
1042
742
2736
6536
3058
7214
1022
7878
4760
1538
2256
1846
3320
9678
3292
1386
9960
7032
9768
6734
3270
2588
5772
9170
1944
9124
6070
6114
4144
780
6540
5806
7404
4690
3884
9902
5980
5458
1452
5570
9916
8008
1934
7132
6244
3130
980
8424
2482
76
4790
7530
8980
2306
9834
3072
256
2770
1794
9860
9088
668
9818
7410
6002
9162
1014
5470
4610
3928
8498
630
5772
1784
9178
4042
7256
7948
8086
7730
3584
7548
6562
7588
3346
6728
6158
4108
7048
7358
9658
5846
956
7144
7542
8012
4064
3242
5996
2676
840
5834
3782
1686
7464
5648
7692
6748
2086
2424
4528
9264
4146
5392
9546
3676
4198
2384
9556
3856
4596
8784
8712
6336
9386
1674
4716
3818
7626
528
7486
4142
6704
4192
9108
8982
6312
5402
9684
1992
7296
3364
8808
3906
4688
4322
2072
850
7980
5326
538
5838
212
750
2650
7746
1950
9044
3514
5514
8226
6028
832
3336
3242
9750
2178
584
3092
9542
9074
4902
986
9950
5004
6412
7948
938
4086
7682
5960
3950
6460
5694
9406
3632
4166
6806
7658
4108
194
4492
2898
52
2760
5794
766
7060
5228
3488
1222
1406
3190
106
5900
6740
1710
4794
2088
2186
4042
1704
2886
5200
1368
3830
6014
1878
5576
9328
1714
8330
6910
3232
1396
2392
1226
7912
4918
5610
3528
822
1092
9758
3794
6194
6214
3026
7886
8538
5386
2876
150
7010
1256
1002
3626
2888
4336
9944
6560
2754
5652
6592
750
6808
9224
1442
2702
4124
1296
8708
1670
2162
780
7782
3192
1094
5938
3942
3410
354
7588
916
2560
770
7852
6086
9128
2140
8386
9818
2478
1296
1042
4342
5094
9082
3410
1362
1046
688
4704
8754
20
5722
5140
2034
7644
7936
2704
6728
3644
2502
3880
9138
5462
616
8036
1214
7214
6016
5002
8644
2620
4646
5234
8084
1784
9048
2216
7140
4806
6220
4098
9834
3852
5260
5638
1642
1856
7754
7876
9244
5574
24
1630
4382
7100
8556
7130
7276
608
6082
8008
4698
9628
9310
7412
7380
4586
8168
3448
6944
7862
8952
7118
5632
8494
2046
4820
7440
4800
9098
4416
976
7838
1980
4642
4642
718
5812
1488
368
7354
5902
2972
8500
3686
8054
9876
518
8802
2136
32
9274
2808
4846
9252
5968
9304
8366
1732
5914
5242
3076
9086
4262
2022
1412
3054
1026
2850
7062
7784
5658
3574
1616
7876
992
7056
7930
1614
9900
7914
9700
1378
578
1078
9184
9150
9734
4832
2756
8306
856
8696
7398
1128
4240
9090
2710
2660
8710
1308
5972
7034
8420
6266
9700
1878
9888
1044
2168
5594
7224
700
2424
4488
3496
7266
3606
3006
9284
6636
5852
3958
7366
3716
9776
1994
3264
878
9056
7672
3406
3490
8186
644
586
6646
9898
2292
4910
8814
1704
8888
6294
5734
194
9778
236
5676
328
156
5566
7798
3032
930
4568
910
580
8178
7952
9694
6984
7682
7710
8330
6816
9372
7484
9006
2630
6476
9184
9668
3996
8666
5790
8260
586
3504
4510
280
5062
9662
9514
5726
5208
3488
5770
2112
9662
6488
7934
8752
1852
3322
6230
8198
2254
3708
7152
5538
6796
5280
8644
1798
1322
6374
7048
752
4116
9866
3444
6264
9462
1978
1204
5330
6644
2510
190
6476
5944
5794
1940
762
9020
8704
886
192
4510
50
9838
7838
9378
6212
5990
6472
9530
3378
9070
300
5300
5266
9316
5692
8064
6576
5868
2188
996
7430
4744
562
4134
238
6918
2402
8292
1564
3874
8628
1956
6040
436
7370
3388
7986
5016
5376
9522
866
8668
3708
2888
9114
5794
9848
1246
2094
4990
1624
3448
3242
9694
494
4376
794
9426
4978
322
1724
8214
7486
1144
428
7240
9856
4292
672
1100
3848
1688
7924
2924
3546
6654
6356
4318
6950
9270
8810
2858
1374
3868
6700
8188
7814
5588
7038
6916
5296
1602
7354
2528
3646
8812
538
8322
80
6732
7644
7312
6800
8890
8552
764
4438
1054
7570
3196
1800
7488
7076
2806
852
4662
9290
2714
9646
6370
9920
8626
7702
2008
6022
5898
5368
6190
4836
606
9432
7914
392
1528
9726
8222
7630
8574
6684
3378
3274
4306
7408
5890
7970
2780
1922
6942
5914
5186
2850
9880
610
4984
4238
2028
3878
5240
9924
5086
5394
934
3062
4742
1080
1552
8592
4814
1278
7516
1882
6306
9470
8554
960
3960
9590
6358
9512
8056
8282
6652
4808
1020
2892
2994
3926
3930
7528
904
9330
9952
3002
8712
5842
3932
5766
6088
454
6322
8818
5280
7200
5880
9642
3810
570
5036
404
844
7630
8766
7122
6628
4886
3356
5170
7804
9328
6386
4288
2096
6770
5824
8934
4894
9426
6898
9162
2240
7658
7250
5230
2300
2030
3106
632
3258
4760
3798
4432
1370
8894
3986
8614
3320
3648
5336
9898
880
4420
3110
3198
3642
2284
2348
4096
6966
4548
8620
9820
5862
5494
9190
7246
6758
2806
36
7198
8734
4266
4180
6212
6794
4606
5996
898
4822
7590
2360
4908
7928
666
4544
7860
5038
2312
3058
5530
5006
4668
4788
3554
6156
4714
8696
8478
5090
2872
9374
4040
738
7614
7352
5690
5668
1766
5166
4910
9886
8476
2738
1834
5216
9768
9564
8786
710
8816
5552
3602
1686
596
7890
6640
3894
7384
1634
4094
2604
7632
2072
5384
8184
3104
9320
5832
4768
8284
7320
2734
7054
2894
9944
1156
7372
4752
1968
5700
3856
7366
3860
1712
2476
9314
3036
3284
2596
6136
8690
6862
3376
6972
4022
6962
8862
6100
218
6036
1712
4900
3758
9352
7650
5406
8678
4108
4982
7668
3356
6462
7784
3590
1580
5520
3826
576
3948
7488
5970
5742
110
9410
7948
3756
5352
926
7162
4574
112
4342
5804
6586
6670
7926
7356
3548
8322
7338
9616
3846
5224
4654
2870
7064
4720
5642
7766
270
4542
4196
558
1312
692
5368
3568
6996
7038
6714
516
8496
1230
756
9448
7288
8838
3180
2566
2332
6424
732
3032
6986
7680
2798
4320
1554
3192
6198
6684
3726
7788
612
1254
9592
674
216
8140
2826
190
5388
936
616
1862
4608
5832
6918
1496
1430
8552
2482
198
7756
1856
3366
7446
3914
182
550
7390
822
6234
1148
7790
954
6228
9100
9202
2636
144
9332
4668
4880
4846
9610
384
6278
1182
9784
9892
2768
1088
9192
8512
8562
2590
7222
9028
1468
4086
4660
3448
9928
9224
3120
6138
3308
846
2384
2040
6812
4078
9292
2396
1966
16
1924
550
6766
158
5090
8434
9740
5042
2808
2816
8626
8420
4066
874
6792
138
1200
9764
6512
7096
8646
44
2342
7636
246
3750
590
8948
7220
5884
1526
6504
3116
3348
2822
28
6288
5906
4684
9504
2968
440
1514
2538
2068
6212
7906
3540
9906
4950
7342
1396
9496
5758
3890
2574
8496
7790
2766
1108
2708
6588
1672
8360
6436
1052
3874
7046
7440
7428
6554
4480
7726
8736
5102
8376
7176
8304
8796
3432
5146
7012
6662
2626
7742
3202
6904
2902
5702
3790
2384
7232
976
5852
7050
1026
1476
8840
9030
8604
5154
2886
4256
2716
5422
8010
4968
4166
5868
7732
3066
8760
9790
4600
6058
8062
3342
2256
9040
4358
7258
1384
3934
6094
5548
8422
322
5726
1772
8830
9886
5508
5864
4264
8488
9816
1274
6722
6002
862
4688
7192
5566
4606
1680
4228
5226
4108
3498
7296
6826
9506
850
76
7780
9140
3002
7292
5716
6392
1028
2244
4152
5848
6262
3208
9320
9492
3418
3480
9836
9768
1990
3244
8634
9808
9706
626
4584
1392
7360
5632
658
8156
6324
4004
6764
1658
6258
7728
1880
6896
7792
8982
4742
540
8416
1072
9866
7906
5104
1242
5886
1226
8984
1034
9310
2218
6480
2714
962
6658
4436
9900
7388
8832
5184
1148
9728
8712
9490
3776
4932
4200
4242
4542
7968
9324
7122
2422
1510
2164
4142
4194
3668
254
6018
9696
2570
8234
9070
4052
2638
4842
268
8646
9912
1858
9174
9230
9814
2982
2400
2972
6788
4092
9876
736
2624
6320
5426
8596
9230
5856
1134
7604
6466
8928
972
9334
5672
9220
890
6468
3294
4342
8816
3004
4498
8544
8274
2462
356
8004
4728
8776
7356
8714
3708
596
5872
4336
3330
7334
1316
2110
5800
4856
2550
1994
6488
1002
2920
8942
78
8746
16
5928
1818
6506
7502
3860
9262
1424
7500
8840
8148
1286
3454
5622
5904
5568
5264
7458
2794
4008
9524
494
6408
1624
3338
1280
9056
4728
9660
884
7282
6614
5622
3522
394
6374
2164
8274
9438
4924
5172
566
6300
3638
6688
6802
6154
3074
5720
476
3730
5128
920
8016
9830
9450
888
7288
9460
4380
9312
7024
4146
8014
1398
8550
1656
5424
6600
7246
242
4006
1242
9678
7144
8618
3710
4876
7518
7810
7350
3404
4280
3130
4400
9222
9286
5062
5322
9342
5354
4746
1944
5608
8442
9964
4308
5890
4938
8224
3836
9694
5040
8298
6922
990
5076
3180
6954
374
2964
1806
2170
1944
5580
2034
7886
5536
2834
2656
2702
9958
8410
3838
4868
3052
6528
8420
5106
9878
5350
5862
3774
2404
5570
5068
5502
888
8236
7276
1632
8054
2482
7158
3892
8622
3420
9522
1948
4008
1204
6538
5516
920
3358
3678
4728
8432
3098
9446
464
6024
9674
7698
7962
4966
3176
1470
1194
7142
106
8004
7418
964
4526
7196
44
9056
9652
2228
6372
8988
6764
7658
8410
2160
1590
4004
2798
7682
5820
6428
5410
6124
5758
5408
182
9946
2474
3094
9566
1328
5984
5042
8664
7086
3992
9390
4244
8668
5068
4970
8998
148
4358
5720
3168
6106
5732
6416
5922
990
2686
4054
2096
7808
3882
6728
9644
592
2420
6298
3390
400
1332
7694
2406
5234
4102
7900
8592
2642
2596
1010
3202
5086
4044
6872
4994
5806
1270
4252
128
8220
174
9526
6248
7636
1132
2260
6976
6060
6388
5592
7656
4830
6510
7212
7788
2236
9656
528
372
9752
2466
7750
8766
3434
4158
1538
4090
1772
1530
4828
684
7042
8640
5428
1438
6256
4448
9644
8862
9660
8426
7622
1570
9424
3824
4688
598
4604
3412
8354
384
134
1714
3856
4298
160
2702
4272
3860
3672
7174
7398
9918
8032
6374
9824
64
8808
2940
8762
8676
3204
9220
2254
9338
138
1902
4422
4864
6068
8950
5472
656
5454
7370
274
1086
2918
4040
8384
4068
5620
4496
3306
282
1842
9142
9040
5122
7232
8102
9130
6292
7978
9466
4666
3864
5422
3058
4818
314
3640
284
636
7464
5670
6524
8594
5498
818
2900
2018
6048
1170
3618
5612
9920
2762
2838
7554
934
4554
1612
3072
3882
7904
8610
8670
7374
6020
3814
3084
5506
2196
7966
9880
6664
7772
2960
9538
9896
2716
5080
4030
3694
210
8020
3614
7924
9736
4252
460
3066
5018
8684
8214
6512
2612
8836
8084
6944
9784
7534
2212
5382
934
1744
3022
174
6144
9492
5842
6802
1754
3558
4194
2518
2948
3000
6798
4266
758
9094
1284
8976
7066
5702
1104
8652
3870
3092
8150
9704
3710
6168
6082
1804
750
8078
5324
9628
8708
8608
5950
4842
6820
2344
5714
5188
3788
3864
8472
9076
9110
7990
296
1602
5112
4970
4410
2978
9922
8928
278
8530
5852
712
78
6604
6056
8820
8114
5526
2742
5398
8966
9404
2746
1084
3478
2536
1650
2892
4470
1256
3856
4512
5532
1228
5212
8904
4932
84
3756
9566
6210
1610
4122
8522
2180
6990
1044
6826
2778
4494
4374
1648
9550
1028
4668
4324
1398
7484
2610
5928
7660
9076
2306
758
9410
4362
4392
7634
4758
1428
1482
9960
728
1566
2272
4764
978
8272
920
1490
5718
442
9312
5974
110
1144
5418
914
780
3080
8710
6592
4080
8702
3886
6384
2504
3570
600
3822
9140
9240
462
5412
1940
4514
3744
8216
1538
1004
7688
5282
8096
1430
1032
3934
430
902
8406
2370
7294
9086
1088
8584
6368
7920
8038
7648
8822
3338
9830
7454
9018
4080
5036
5492
3708
1150
4434
3620
7762
4158
3780
9762
7352
2352
8936
4774
2104
5714
3456
6658
9004
6008
7874
754
5798
8218
8808
328
8062
5864
8810
9840
2854
1522
8908
4350
7730
9260
1870
6498
7982
2064
3346
3388
9664
8902
6766
1800
8860
9564
7040
2472
4168
7944
608
7520
7190
8376
7868
7288
824
2726
3960
1700
78
1248
7204
4846
5786
7420
7106
2744
2956
8734
3854
7154
7842
650
4340
3512
9608
5962
3966
2940
7370
4842
70
866
5926
7430
1212
6476
7594
284
8964
9834
814
6486
1086
8838
5244
6778
9720
3052
2976
3476
4436
9608
6672
9146
2250
6216
7630
644
1138
764
6214
7556
1738
9250
9578
702
8822
4826
4574
3576
8440
6776
8778
3134
3858
8362
8312
6442
6440
3368
1274
5866
846
2326
9600
9870
2032
6290
7436
74
6576
4758
734
5504
9414
346
194
4000
7298
9542
6068
9520
6274
2864
1762
6532
2994
4766
5486
6194
1008
1610
4786
6706
9762
8720
7520
3990
9282
4324
1116
1044
5120
8366
1248
102
3766
5262
2414
2122
3564
666
8298
1424
9178
2956
1176
6714
6842
4894
6854
876
6590
4214
1038
6490
7812
2542
1174
1906
6626
9698
7784
5090
7768
3632
7608
4922
1126
3026
5684
4366
6806
7992
1616
8426
452
9752
1268
7840
1142
6764
3658
6004
9422
9958
7376
9298
2674
2560
7990
2018
9096
9742
3298
5708
5606
1672
5530
9574
5474
3286
3932
9544
5048
1828
6376
9836
9508
8548
3806
9108
4090
1866
4722
6928
8974
5910
20
2236
4730
7132
7854
3800
3108
2144
2148
8166
7394
1956
6492
5334
2668
9078
1938
322
5812
9680
6872
7310
5264
8290
6396
8102
828
9248
5736
4276
66
4730
9756
5980
8638
2202
1288
5138
1272
2588
4844
6524
4276
5606
6372
8568
8974
2008
1746
5816
4904
9826
3890
3250
1468
5954
9522
4214
808
700
7118
9366
8314
6406
3574
1332
3368
7746
3964
6448
9528
8544
1584
748
780
8630
5706
646
5654
8984
2816
2980
8918
5864
7226
6826
9708
4834
4240
4758
1032
3420
2054
3168
6608
5428
2360
1020
7970
5278
4990
5996
4564
2730
3742
4184
6120
6438
5330
1472
1448
6446
7354
6698
7214
4166
5740
4794
2230
2794
9944
2102
5748
6412
1280
9680
9116
8330
8242
620
9252
5008
1882
9918
3632
5702
896
9514
9656
6524
3396
8022
4298
4906
2006
9078
9010
8248
9362
2748
8446
7106
7374
9140
9016
3750
836
1784
2970
1948
7922
1164
7962
5724
9646
8674
636
4940
4816
122
1184
7726
8844
8254
7016
6548
4656
6986
9942
5816
6016
7120
5212
782
6498
724
3618
9338
394
6568
5822
1478
1806
1234
6874
1208
1582
2316
6696
1776
9094
7276
298
6612
4338
4650
6012
2332
1792
1456
3734
2190
1094
2442
5476
792
5032
1928
5550
9340
678
7070
4066
1854
1946
3622
3478
62
4276
4596
438
2956
6166
6458
6256
2758
7578
6568
7388
9842
7420
6134
1242
2278
9678
7300
4216
3878
9792
6524
3894
1112
4444
6372
9528
1242
7030
5730
86
6878
2862
2124
2810
8168
5032
5142
2596
2362
398
4460
3848
5264
4398
2414
1930
118
7128
854
8346
5396
2728
3940
2508
6734
9918
3914
5248
6106
510
3984
572
1542
7648
7404
9332
6488
9398
7792
4930
7284
6208
4000
6510
1626
1492
8174
8632
5396
4288
2700
5122
6482
1396
3354
7884
4222
2762
5576
8600
4638
1526
5342
4106
4354
5912
1950
8578
6514
9164
2964
7348
9558
1408
8248
9736
9140
6230
9764
3258
7100
292
8028
238
3052
9548
724
6010
7486
8398
2512
8396
4722
1222
7234
4144
9420
4884
9702
8256
7150
6706
6122
8080
384
7760
3414
6522
5516
5170
5866
1104
6838
2324
8568
1470
8476
6046
1618
8946
6656
3014
8692
1676
9292
864
3276
6378
9614
3110
286
3214
4302
5402
7006
5650
1536
2594
2404
8252
1912
1250
7834
8672
616
9818
9346
4130
618
4696
2598
8374
5972
980
1042
4726
4412
5186
2550
8894
9386
5436
3882
5998
3318
7206
3134
7886
7818
5068
9098
4922
404
8052
4262
6776
4618
1948
4364
8552
3282
108
990
3814
6628
7554
8808
902
7598
258
1870
1886
6596
786
7340
3984
6734
5812
900
2446
7510
9480
1858
5322
4676
606
8796
3462
3650
1126
1588
6204
4230
1090
3696
1572
2820
3048
1088
6412
3784
7582
7258
4962
4268
1062
4536
4494
830
1496
2566
956
7700
1994
3614
1406
7186
3692
8266
6436
596
9112
1916
8926
7268
2892
2642
9040
918
1308
9776
6018
7672
2298
9688
2094
5078
3778
9768
8490
8838
9644
2624
3962
4388
5980
8212
548
2448
3348
8754
9560
9758
620
4692
6346
9766
9092
1750
7216
1402
7708
1520
7922
6136
550
7310
4170
5778
3570
4914
2234
5298
4354
2194
6134
1094
4098
2130
4908
7366
3976
1962
3496
6964
4044
2480
9000
2666
8482
6620
842
1176
7718
3264
4238
7538
5328
2692
1166
852
6714
880
556
3206
7542
7706
9488
7244
1868
9910
2202
7840
4932
5276
316
7948
6452
1138
3892
3652
6806
3684
4048
1226
4890
7890
5600
4872
8674
6734
572
4484
1190
6966
5794
8938
842
4524
4076
4982
8430
4198
5506
3070
3378
248
3830
2956
2602
2998
5450
8614
3832
704
9520
2032
3842
3556
2236
8122
5610
9608
6196
8084
2556
6606
4978
5758
2944
4320
4412
9886
6294
1916
8338
8908
1040
1384
554
9262
8264
1724
3318
5886
2870
4052
6614
6726
1238
2342
6364
4154
5866
8064
8998
3922
522
2268
8738
9572
4736
2452
6148
1058
2778
6474
2628
3656
5754
7200
700
3954
8170
8420
6558
1050
4934
636
8936
6272
1586
6802
4486
2604
8402
7630
7640
2452
7120
2630
3900
1778
4794
2744
6998
726
8074
4030
8770
2996
9204
7712
936
6864
6820
2684
3576
5860
9174
7128
2556
3526
4914
2364
422
4662
6964
7030
2238
3280
7338
9630
5560
3486
4546
624
440
6084
2368
6430
1118
1486
4924
7176
84
86
3176
7882
2748
5870
1118
5862
9682
1286
1912
792
5530
3706
7490
5062
8740
3942
244
2942
4260
6890
1742
7018
8508
1554
876
1508
3216
2308
7412
4380
682
3258
8786
3686
3516
9430
7782
5990
202
5734
7910
8862
1438
7204
712
3238
8410
3836
3302
404
2540
4476
5866
9026
6500
5466
1622
2924
3784
5816
1714
8744
6218
8086
2240
5798
4020
2064
4232
2912
2622
7244
9892
8342
1134
8446
5294
9244
8942
4574
8200
866
9580
7190
5180
1982
4934
268
9832
3920
4608
1618
4514
5008
7672
2742
642
5356
3572
8950
3920
4048
4546
56
7586
8796
3878
8762
6852
544
3788
9654
2504
7396
3064
6532
9380
1586
4216
9522
3426
2474
2888
3496
8186
2818
3928
8668
1434
4518
1792
6740
4978
3390
5574
5580
4024
5520
7272
5716
1420
5238
3640
652
4370
6788
5840
358
4334
8994
8694
3512
6064
500
4144
5220
1272
2254
5200
184
9790
1588
1654
2940
7686
4200
350
9564
6948
5498
1512
4476
1872
58
8396
3660
4142
3228
7070
4260
610
5818
8506
1820
4094
3774
6268
1518
162
2216
6546
7240
3110
8204
1988
7896
5874
5098
3482
7146
6964
1446
3156
4270
172
2260
58
2436
7390
6516
2326
8582
5822
4404
3924
8050
5814
1616
254
4488
3698
2596
4346
6502
3322
8544
2616
9760
5744
5708
7518
4420
4048
7324
7240
8342
8588
8084
6316
7280
5772
2922
902
9188
9628
8554
200
700
1230
1700
1126
9820
1056
9216
5864
7476
7964
336
9820
7026
8250
8358
4372
6392
6596
7482
3884
3772
3210
7844
5060
8272
8890
1012
2824
3250
2824
9384
1214
4076
2202
6522
784
3704
5888
5694
5040
330
9826
4184
8020
5316
8788
3682
5196
8558
1980
8938
2468
3550
7930
8666
5308
7408
7282
9492
2518
9602
7334
1684
5354
3764
4564
978
468
5220
6884
3450
7538
810
696
3032
1502
9236
5260
1850
4672
7378
3966
1702
3628
1810
3874
8822
3388
7046
9854
5862
2534
856
3930
9248
306
598
6300
3056
342
5802
7824
7618
4750
8510
814
4064
2694
1018
2206
7746
6030
956
4496
6316
9140
4134
3028
6578
944
9370
8034
6538
2030
5714
3808
324
7856
1436
5484
4482
9024
6722
5462
9564
2788
7558
6662
5056
4458
3418
8574
3456
1856
5646
3874
6472
3422
7580
8228
6942
8872
9720
1336
6272
9662
2642
8062
3578
4048
8626
2462
1664
7472
7258
7816
650
5294
9366
9666
8020
6394
7862
6526
2434
3230
7024
2790
2706
1636
410
3930
4130
7310
7598
6018
2310
646
7344
1458
7952
8642
480
3542
2984
6640
2968
3228
3094
8938
5206
7832
4226
2394
4340
7958
8610
9246
4726
8888
6884
3802
8290
82
6890
1298
5568
7436
8312
4122
658
52
6332
7518
24
1432
5330
1832
7842
5340
8556
7550
9348
9650
8890
568
4870
3032
5644
7092
5356
9848
8720
5120
568
5862
5072
7146
550
9470
4614
8460
5508
9190
5758
9110
7064
516
3254
9578
6856
180
4454
8578
1780
2178
4774
1212
222
3234
5904
6384
2754
1686
1282
1908
5348
1248
4436
816
1166
9388
3170
4134
6206
3018
366
8942
7098
534
9080
498
2218
8824
9662
9764
3592
2534
7360
3904
168
6890
7988
8988
4304
8926
3906
404
2218
9670
2010
5320
3226
2414
6536
9604
3944
5524
2494
2292
3012
7398
4272
9482
8574
294
210
8708
6474
6274
118
5260
6866
190
8704
1910
8950
7254
3710
9674
264
3844
1894
9118
2952
6086
2256
418
9954
4122
8124
5978
1646
9622
8046
5130
4602
8644
1520
5670
698
7720
3126
7956
4952
2072
6556
7444
8480
8312
6266
7578
6482
7142
722
2408
8064
2478
1134
4338
8228
9418
2344
4408
5284
9444
9224
1864
8862
182
1974
4904
3730
7970
3626
7564
1194
1424
752
2816
9504
3874
4010
3772
3412
9756
456
6402
2756
9070
5552
7238
6116
6520
2546
1888
7002
1760
3956
2434
9356
574
300
4392
1858
7210
7428
5140
1330
8170
846
1708
5320
2992
3502
1052
2280
2164
4550
1156
5564
4496
4306
6272
9190
7948
8006
7096
4374
3594
624
2972
3594
5588
8866
8530
7408
8614
8402
368
7948
6098
4974
6484
7742
3360
2924
3842
6338
4942
5126
8296
6944
3980
6128
4014
2914
4250
7348
228
9744
3588
7476
4164
2676
4640
4220
8776
238
9808
6492
9690
960
7664
1598
9248
7762
9678
3440
726
2798
4502
552
6692
5802
4614
7174
9838
2538
5138
9756
7720
1368
1940
4616
26
906
5434
4244
210
9692
7308
1096
4360
638
7076
8924
7078
7794
9306
4566
5844
9228
7282
5436
500
2706
116
2886
8464
5596
7444
1042
774
5890
9168
8818
5670
2434
8634
8688
7656
2690
1582
9262
3346
2416
2702
1678
6414
1460
8494
1178
7720
7074
1980
1976
706
6326
1978
9096
9906
9070
5478
2810
9768
5814
3260
2820
6500
6856
5630
3094
2186
2836
2212
6290
256
4102
5284
3664
5650
3792
3574
5662
1832
5384
9462
2828
7856
7562
1192
7702
380
1952
6458
6330
3484
4518
2854
278
1256
1648
3640
1034
1392
644
4694
886
9774
8714
9436
8378
286
7562
3548
2806
5666
3820
4514
118
5528
8614
440
4586
9118
4386
162
7426
5580
5470
7064
176
534
9426
6894
2564
5994
4558
8898
8092
7840
3426
3680
4602
6568
3914
9180
6456
5054
9392
2860
9530
430
7170
7924
5076
6760
2962
3734
4272
7270
7176
4094
1474
5704
6526
9704
2572
6496
6432
9478
7008
5738
5216
7076
2584
1550
9308
7716
9454
6052
3408
564
7212
8414
1964
8636
5372
1800
708
2104
4546
688
3850
6028
376
6836
9808
4816
7944
1372
5666
7190
5032
7570
8606
8708
1324
6280
8168
8678
2332
9770
8004
7664
5712
3918
4370
7934
1004
8654
5074
2046
9830
7578
6154
3802
5256
1084
3696
5548
9314
1806
4394
6808
5444
5536
4794
5464
446
8934
8600
1146
5940
4620
7706
4488
1802
114
6180
8452
3284
1682
5072
4284
2218
4410
1264
9944
7660
7458
1564
2782
8330
9448
8192
7974
5354
3148
280
2458
8232
420
9964
2450
4550
8350
9940
2474
8282
2254
7126
3254
408
5550
8038
6464
9424
3560
1126
8356
8820
8500
2922
1586
5232
9750
7536
632
9456
6386
3938
2116
3944
2502
3934
2338
5402
724
6044
5720
8458
784
6548
134
2150
8942
3630
138
4564
3010
5602
1500
5100
5672
5082
2520
9108
6868
6428
7322
6312
7972
288
306
8058
3120
9826
5492
5358
34
6668
864
5144
9070
9436
1360
2766
2538
4234
2864
6034
4332
3534
3302
9782
8114
4238
2610
5648
7594
9404
46
8548
3092
4420
2282
6270
3292
5914
3366
406
8092
2188
9300
1566
7184
3500
9936
1668
8544
4848
2146
7112
2914
3412
7450
3518
2170
3456
6052
4390
1656
9702
8002
8006
1460
2270
5772
2592
3726
9352
4378
7736
1778
5642
786
4112
3086
664
6722
2396
1338
636
5840
2618
4152
8004
2108
5658
4078
7598
6500
5956
2444
4308
530
7196
636
7818
1844
7066
9620
5462
4074
9550
1320
6726
94
1234
9888
4186
7396
8436
2216
4756
7562
4628
6904
6432
4120
4962
6800
6508
9394
3658
3212
842
9420
1246
2138
2186
1834
1314
612
1126
8142
4350
7714
5634
9386
5694
4934
5002
4382
1460
5524
4174
8744
7628
3978
3876
1728
4736
9342
7876
8324
9154
9486
8216
7856
6854
4780
4404
3924
2512
6238
7712
238
8002
7622
4216
768
5750
5122
2926
1008
1654
2490
8350
1882
7778
3646
4176
8090
2944
4558
3964
4684
1204
9598
5960
1542
9762
2902
7218
3992
7840
4714
7568
5202
1372
6350
354
8978
5990
3358
2796
2902
7162
6482
7376
1030
3906
2832
748
7316
6492
6440
1490
4572
7022
1308
4242
180
604
7186
9502
7094
9906
8890
9554
2692
7682
6816
8392
5082
1268
230
7474
8182
5824
2218
2630
3970
9492
7976
954
9866
7636
966
4844
4040
6740
4334
6468
2094
8718
6922
8174
6596
9550
3796
7458
8760
434
786
4492
2408
1234
2926
7370
756
7518
9136
7204
6090
6402
1646
7116
684
4514
662
5274
712
8208
1038
4684
798
4978
40
6218
9566
4450
8436
8800
4734
2356
9322
4260
8380
5716
4910
5766
1540
9032
4752
3482
2566
3560
9322
4340
2352
2648
4134
5046
2446
6288
2068
6044
9194
1702
212
3706
5256
1100
8850
1898
7964
8372
124
2036
7480
3612
9534
8972
68
5980
6002
9622
4722
5172
6418
4034
2658
7130
8858
5602
5052
624
2468
2668
9322
1170
8222
938
7560
4430
2518
4096
2550
2330
9724
4080
2884
5986
9118
3916
4690
6988
9110
1882
8190
224
1610
5982
1732
4682
7582
3856
7224
7850
8728
9936
9164
6736
8748
5142
9100
1924
9830
4860
9810
5754
4818
244
5790
7242
4438
384
7054
510
4502
4424
5524
6618
3632
4726
836
2538
6922
3200
942
7568
7110
7376
3984
1194
5480
938
978
5136
3628
2896
244
7120
8318
586
2722
4678
4664
2162
520
7328
1014
3926
8572
2702
7756
6366
2374
8510
778
1010
7146
5588
1724
8448
8750
3938
190
6990
814
9292
8520
7606
9774
5296
1200
9850
5970
3544
8158
602
8562
5976
1610
166
3466
6406
7758
936
4792
1884
2204
2134
8814
9838
6740
5664
7972
7426
2888
2380
1826
8032
4466
3060
110
1400
7236
6826
4576
1486
8576
9142
544
5254
4190
6528
1030
9528
936
9634
4162
2742
8650
4938
7604
8798
8342
4952
8086
1868
6534
7618
5894
6432
2002
3842
9542
6810
4040
7308
5946
7620
606
930
7746
6752
7420
1150
2012
404
3236
7528
3698
8930
6008
640
9540
4872
3170
6856
6846
5634
854
8084
9396
8472
6290
8828
4496
1764
9514
7010
5142
9554
6232
2370
7966
6112
6728
214
594
390
208
7116
8624
220
2976
1846
5026
6894
8866
7904
8728
4662
3764
1470
4418
1990
5838
6064
8232
4184
1614
5424
1688
8574
290
9368
8788
5042
8262
9198
4962
1148
9446
7518
2710
9320
2412
9256
9344
4492
8840
2242
244
7494
8328
576
7020
7104
5514
2056
7634
2160
1584
3760
4184
7230
544
670
5380
5834
1956
7712
3624
7550
6474
5898
762
1014
6430
428
7540
5000
2356
7994
5732
874
5782
4338
812
2944
6608
9334
274
4598
632
8622
1010
4212
9268
340
2708
630
6802
3968
7660
5092
2042
2796
9638
2176
1088
7990
1410
144
8218
2418
6640
8416
3454
1430
4944
946
8042
8178
3686
6734
2546
4166
9240
6210
3430
3882
2780
102
8914
1120
2812
5282
9564
44
2182
7530
1942
5978
2176
1816
4922
7312
3698
612
1090
8068
5654
8092
5096
3030
5956
78
5198
8116
58
4852
5074
4264
1716
3094
90
7700
4832
7920
9676
4190
6498
4250
112
9684
3036
5684
6274
5800
460
1944
9420
8922
8060
3838
8792
9492
6122
5406
4718
9854
990
3384
8622
4430
6420
4966
5062
2428
5764
1390
3832
2692
9674
2604
5166
3022
6584
2480
4956
588
9018
1950
5948
9388
5356
6378
6104
6432
2816
3448
2158
8054
5180
2868
6756
1910
9050
9386
9626
7758
5408
6080
5500
7208
5838
7348
4694
1338
8458
8228
9752
4308
8030
6290
1462
9854
3076
5798
776
6806
1404
9682
6906
8774
5466
4220
974
6002
3168
2320
9264
8546
6138
6206
9290
1436
9582
8694
3388
9004
2586
1862
1038
6338
6088
348
4142
9046
3404
546
8774
6964
3400
9524
8704
8924
3642
7172
5900
9016
4964
2280
8102
9594
6438
6332
4756
4768
4436
1114
7288
2198
6942
8420
398
7552
5142
3996
9380
8446
1862
5114
1264
3946
6342
2750
3742
2310
6988
9354
6000
1910
6128
7766
8112
9808
1042
2174
6250
794
2102
7320
9368
8324
2758
3192
1830
2780
6642
1766
9634
5290
7678
1446
8414
9466
370
7952
4090
2896
9372
3402
4082
1256
5162
1970
5330
6822
2436
910
7152
4492
4008
3290
6280
4088
2246
668
7980
1484
6766
3270
4602
3866
4056
8658
9432
9942
7364
7912
7934
9458
724
7138
6542
3776
4044
5366
2574
4730
1092
8502
1162
686
3338
3258
420
160
4742
8578
3178
6844
4512
7378
7938
4528
3978
4296
9870
5384
1358
5732
678
7362
3822
9242
8378
8054
7334
280
5974
3468
6190
9166
3482
6208
7892
5176
4654
7366
2616
5594
132
9804
9748
3918
1914
874
9728
5726
9894
4338
8772
1434
1376
9102
9384
9708
5550
8996
432
5506
5552
8232
2386
7008
5120
6130
2978
338
5236
3320
1436
1452
8556
718
5786
7244
9078
8332
7410
2386
566
7976
2498
4818
9838
9350
74
3684
4994
6188
8716
7972
7004
9060
9286
2442
4540
2738
6072
5714
5880
3728
9582
4136
9844
6022
6328
6958
6782
8744
354
5872
682
6896
7920
754
394
1144
9382
732
1088
9522
1934
7190
800
1832
5298
4188
3144
5422
2416
2512
3158
9010
7056
7496
4392
8828
7108
4042
4816
84
4346
3822
4172
5400
3596
2264
974
6822
1644
3590
8516
1630
7584
1580
2218
96
9960
8906
9142
3272
9848
7544
5538
184
6292
9760
2860
4836
7814
4284
6268
5722
5026
7992
2530
4954
2230
5432
8840
4280
2284
1914
6220
5728
9230
386
8890
1054
9212
2076
1838
7368
6122
858
7618
516
5086
8280
2698
9848
4100
8496
6826
1164
2592
9412
4984
8330
8120
3622
8940
2040
3854
8392
7564
2118
5966
194
8984
7560
8420
2074
6966
3928
588
5710
5252
2008
4452
1776
1458
1714
168
3556
52
872
6316
8876
2650
4688
3472
9770
4362
2670
1046
7394
9736
9892
706
6282
8578
3434
3486
5586
9074
5078
6394
9810
6420
8868
3966
8422
1120
8572
702
2140
4920
3820
6562
3056
1856
8106
5630
4226
8932
9054
4456
3548
9942
4412
272
2040
7336
864
6460
3794
8392
8764
5138
9206
5376
8338
7246
8558
8868
7068
9190
9096
9740
4060
3392
92
7678
442
9954
4668
4932
9114
8172
6540
7550
1840
1782
3542
36
5118
5104
9740
6120
942
5710
9852
7670
710
6388
5370
6438
8098
9732
9150
7942
6768
7440
8364
3746
3330
9660
4706
9518
2564
5816
2352
7422
5028
4516
9036
1324
2786
5902
9292
9918
7254
3688
2588
2602
4792
7864
9228
1478
5726
6890
8998
1784
5394
6924
8444
8418
8376
5032
5578
880
7514
282
728
3690
210
6870
2028
9720
9038
5316
9852
3910
4462
4384
9404
5964
5620
2422
6062
5896
2218
4860
1656
2378
8044
6822
392
9620
1888
1032
562
1474
6354
4392
6382
4940
5254
3976
5674
3290
3784
4634
5242
598
6020
1762
7750
2420
6466
6590
7418
456
7458
3124
4880
7362
9438
3324
7248
4790
8026
734
6404
9720
7630
9936
1920
9022
9468
5584
2718
2224
5866
5704
8578
2232
3790
9022
5272
8610
9510
2124
1080
7426
5894
8034
2814
1460
9798
7232
9156
646
6854
7724
6398
1916
2460
3532
6224
5474
4682
9044
4552
2954
5666
8350
7178
9374
8220
732
7016
420
1746
5136
9342
7010
3496
3314
5780
672
8282
3012
4700
9038
7280
3770
8172
7784
1254
1606
9594
9768
244
6266
6778
6428
808
1148
4354
6102
6874
6842
3424
9084
7380
6300
2304
3328
6746
5586
8882
5128
2840
5640
960
9764
5418
2164
22
7090
4424
4034
5346
7498
8230
5856
5880
6994
3206
3126
540
2376
7640
9430
6632
2154
2454
8422
7096
6642
1176
5774
102
8518
6870
4016
2678
4192
1926
3280
3606
4642
5916
6368
9492
7998
9232
2614
9428
5466
6652
350
4238
7256
8188
6500
3984
2772
9610
1828
5006
2080
1702
9834
1190
9938
7928
4482
8156
5156
6880
6572
5392
9242
4478
5584
4552
5620
9202
3234
7630
5274
4882
2396
3102
6528
284
6622
8384
1590
8546
8232
2646
5272
2974
8606
7276
7662
7370
4798
3416
4984
1534
7062
7238
5558
5208
7626
714
4582
7976
9676
5636
4678
8722
8768
4794
9738
2798
6442
5266
8164
72
2892
7132
698
8340
1206
9562
8652
6296
5466
2850
228
8098
3656
3366
5138
1310
24
5164
378
9938
2564
620
2168
6654
3738
8216
414
6734
6874
4174
6730
4670
2416
7926
4008
3148
6224
4552
3916
5004
1522
8180
6810
8866
4572
434
4922
8030
7266
1312
3334
4926
7230
7662
4544
8860
3886
8870
5700
2190
3026
5968
8664
9884
6510
4862
6224
5862
4560
3666
3490
6478
3568
6256
4352
7590
6514
538
4244
7522
8648
9090
8708
9078
3736
8716
702
4938
6438
546
6218
1388
1006
1050
4298
9850
7604
6356
3604
7050
8408
3410
4072
1550
9118
7484
9246
4054
7546
5746
8012
5520
9362
7468
7322
8758
1246
9056
7186
9446
9696
6610
1318
8394
3780
9778
4480
3960
1776
3360
9570
3330
9342
3830
6850
5946
740
7820
3922
2158
8200
5680
4290
4750
9612
2104
9024
4356
9888
8142
3214
698
5348
9432
4646
8290
1830
1344
1132
2644
6118
5788
7932
8498
5518
6574
1370
9328
5478
7912
9896
7842
4916
994
3962
1822
9106
4510
5642
1578
6968
7914
8166
8516
1814
540
6496
4826
852
8238
1630
3608
7686
2110
3260
6568
4154
2780
8138
7608
4058
8316
5540
1382
3710
7664
9334
612
2644
3126
6332
1706
4082
324
1448
3710
406
3390
4162
8354
6792
8802
7714
2092
8298
2962
5270
6576
7450
8974
1740
6916
314
1468
2178
3656
1412
4846
6318
7480
850
8482
3772
1200
9878
1018
5236
1688
1638
216
5538
9448
5434
5164
9042
4554
2338
3990
1722
5290
7958
4962
4244
6616
4924
8120
4924
6796
7566
6010
5352
9638
5274
2970
1750
5270
6526
8034
1884
1164
9406
1982
7708
8072
4122
6026
6182
2084
2724
1998
5114
1028
312
4786
9802
2174
2250
5634
510
1458
5050
4206
8206
1134
4402
9446
1340
6938
1816
8268
7368
6072
8522
4382
6324
2008
9688
8708
9232
2438
250
8754
8122
1854
4146
4764
8920
6532
9852
5560
4514
1650
9520
8374
6008
4062
8336
9698
9474
4382
5836
242
7750
4370
5090
8882
8988
8444
3716
3498
7160
4064
7834
1646
8742
7938
410
4048
5986
4834
3208
2974
3898
7436
6306
1988
5276
242
6104
6058
4550
2210
990
1258
2160
8912
1382
230
6558
6062
1744
6172
1228
2304
2724
9918
1168
3452
2996
5494
5764
1408
3376
4952
3784
7784
1544
1796
2222
7636
122
6280
8752
7630
3168
9918
5240
5340
5002
3234
8514
8760
9682
4662
7516
4560
356
1706
2388
9844
7274
6952
638
6064
5816
6968
8486
5280
1188
2096
5618
7822
6400
7278
3656
3502
3352
5346
7764
4306
3858
5316
8504
1760
5596
8844
9270
9228
608
8660
8880
3626
1158
8828
8172
2614
9622
6048
7598
9956
9288
7786
5926
5466
4188
9938
8992
4612
8400
5894
26
9654
7482
7746
6054
3940
4998
7680
64
2068
5750
572
3688
7534
5604
1762
3106
7828
4204
9174
4496
242
3808
8546
1808
9494
488
6242
4266
3682
8418
3860
6162
368
8910
3934
6974
4018
428
4034
750
3984
5984
5724
2222
5394
6662
982
5840
3234
9374
6816
7562
9378
3064
842
9590
3282
8118
3960
7368
4104
4476
9058
8174
3058
9762
4532
6470
5252
1172
8940
7718
6702
3928
7108
3392
7290
4612
3462
1618
1330
1178
1420
7664
1384
1490
1014
5320
5194
5294
9620
360
9076
9560
9178
9372
9152
6254
8288
8676
4400
2934
704
242
3404
394
8890
9564
6388
6832
3162
6702
2278
8258
5484
3716
5818
6624
698
200
3396
3546
3768
9934
4912
3822
9706
8916
3596
6598
730
6770
4992
720
8294
8966
3296
8432
682
2600
1824
8972
7432
9220
8928
2812
3876
9696
2084
8086
2114
6746
1980
5908
2524
9150
6982
9756
1674
8160
4906
6938
1300
2076
1740
8886
774
784
2150
2822
5116
7310
3244
4190
2966
4842
8138
7688
5328
9612
1110
6944
6524
9336
8840
7066
5054
3094
6734
5942
1020
7418
4724
2880
3738
7606
7528
5544
4806
538
3004
872
5502
3642
8704
126
4546
8684
2470
3428
4790
136
9726
4314
7814
6074
1410
9092
4668
5332
6908
6572
4712
4144
2628
504
8556
9354
2976
38
7484
9786
8212
7714
44
5108
6930
6090
5444
690
4520
2444
1180
1486
8982
7010
3532
6066
3786
5338
6296
172
2922
6200
9704
6360
8044
8928
2178
4236
6712
184
1960
3560
3460
234
3536
3584
3758
2872
8700
5704
314
9864
5224
5908
2308
8882
9842
6924
6724
8138
8548
5250
8282
7304
6570
6920
2726
5684
4832
9606
5812
7766
6294
2862
2658
9480
8712
7754
3124
1940
1280
9702
4140
2824
4244
8344
5146
2998
8474
6224
3234
8610
1702
6026
5528
3364
1274
9746
6752
7920
4806
1618
7202
2170
4036
3200
5488
7396
4106
1944
7130
6650
1244
3286
2306
6812
4150
6778
2070
8128
1192
9870
9884
4110
5642
5602
1816
4200
1702
7010
6570
4412
3342
3740
6748
3978
6436
8270
6382
2410
9154
3460
4400
2546
1316
6352
8876
1864
1756
4960
2898
2550
180
6962
4874
1128
5364
6768
9330
540
9708
2148
682
2298
8580
8082
1356
4734
6026
3988
7580
4560
7436
9342
5048
238
8518
3816
8538
7962
630
9908
1844
3096
2170
5286
3542
1240
1236
1940
5322
8366
8982
4256
9002
5968
2562
4322
2206
6750
8990
5456
6230
346
3754
5968
3118
5624
6250
2396
2724
1036
1152
7852
5104
58
3898
8170
3474
1596
2848
9800
2532
7952
6336
7368
8516
2952
1652
7750
2488
5762
1792
4540
8818
7830
498
5578
1950
9686
1424
618
2964
3462
3328
8628
2148
3194
9374
6394
2508
9526
5698
1784
8600
6366
5694
8250
9724
4068
6452
4192
2212
4108
3632
380
5120
9784
3174
1222
6022
5658
9868
6220
5560
5848
1790
4858
5852
1606
4638
4438
6846
5428
5364
7356
202
360
7306
5242
2098
6700
5334
7412
996
8180
3684
5364
6988
4656
8130
9046
3750
6678
4508
2340
9738
2216
5916
7536
4832
7202
1160
1402
2420
7906
302
9314
4464
5182
1558
8342
2140
5680
6482
3744
5628
1400
704
7604
8560
3766
6050
2746
7548
2222
9888
2818
7106
1438
8448
9660
8614
8076
9580
4696
3018
2202
8930
7970
6946
3628
5148
3870
4742
8296
718
9744
7968
1272
9750
294
7596
8234
7616
7458
6694
1196
8594
3250
8202
8000
1734
9610
9502
656
7874
2602
4194
6686
3692
9302
1994
5950
9832
9820
736
8576
7860
7190
1078
1686
872
1360
492
2028
7216
7998
2264
6074
6524
1538
8036
1066
5996
1594
5700
694
624
5500
4958
1442
1456
5606
8868
5828
2348
4094
1032
518
9926
1634
8436
544
6882
9306
1662
4082
6970
3356
684
9460
3676
1454
3158
6824
7100
3936
6894
1630
622
6490
6834
1490
814
1364
1472
606
8058
1232
3968
3310
7162
4836
8468
9226
1770
2080
9222
2722
9550
2386
1266
3376
3566
8166
1700
2234
8988
7560
980
8358
1272
3542
2488
3906
2640
474
456
5358
5412
8026
4080
9730
2484
9592
832
9104
5018
4866
1620
8222
580
5314
5788
5392
3156
4194
6392
8998
742
6560
4328
5126
6068
8810
668
5178
3836
662
7640
5550
6512
4120
7256
5190
54
3554
5136
6018
9914
6570
5786
1118
5958
6592
5474
300
8062
7418
8200
1580
6906
4854
8654
8546
9062
2618
8474
5112
1406
9782
1286
7936
6492
632
4690
1244
1140
2328
9102
6178
5970
6054
2936
7732
4586
7924
3034
1512
8440
1398
8084
9068
6538
710
4174
8696
3514
8938
7912
6602
8496
288
2914
2748
5862
6970
6696
5912
7286
2046
9520
6886
3314
5794
1520
7746
1182
3438
88
7414
7990
9826
6580
4208
5702
2626
1066
2580
3058
9190
9684
4742
4982
3642
6406
4208
2416
6320
8186
6480
8140
9034
6878
9084
9224
9566
8028
6376
9808
5578
6898
8924
1592
3470
1878
3728
6346
74
1076
4552
4426
8854
4150
5698
746
5742
1664
1778
8576
7830
1916
8922
618
9160
3630
6892
7730
5286
8586
3596
5888
6548
1980
2658
2294
3400
4578
4526
5310
4740
9680
6556
9626
2908
1050
9468
5780
2780
1418
9628
5552
9092
3014
14
3278
6740
708
100
7028
7336
8682
6692
574
4276
7446
2362
7374
1556
4550
1894
1916
7928
7864
292
9378
7206
3848
9054
4020
8214
2900
7392
4874
3040
766
7150
9928
9604
2400
262
6562
9108
2776
3650
7266
6342
1006
6582
4564
8186
2168
8014
5552
5102
4670
8788
9422
6310
4424
7506
2012
9708
4822
6276
294
6048
7814
3340
3696
9076
2418
6534
8322
2930
578
2384
5000
3294
4200
5670
7840
7598
6356
390
390
2634
6492
5240
3372
7726
1718
4874
2890
2864
6686
1094
300
7764
2650
902
9582
4240
7774
1118
4582
5426
4214
382
1716
7668
6168
2412
1286
9522
2402
560
9740
1052
3844
4226
8270
1836
8890
8484
9718
3646
4636
6340
9040
3588
2472
3060
2582
5376
9498
5918
4006
2524
5094
7092
6502
9830
9536
2892
5472
9696
5286
8432
9916
1844
6272
5394
7636
3252
1672
6064
3502
3340
3904
5074
1030
2074
7276
8054
610
664
5592
8726
988
5732
6150
5256
5288
9880
6582
7922
2566
8376
5470
5238
5436
6792
3918
8770
9556
5918
120
8952
1770
1930
7552
5058
764
546
2748
198
5862
7916
8960
2708
4552
6166
7104
6726
1194
478
2544
3334
7540
2390
7582
4220
9048
5712
1458
6096
6082
550
3646
1094
692
7694
7436
6236
7744
3328
174
1194
8128
1306
4246
8952
3780
1570
3204
9332
3414
9700
426
2766
4928
1078
1896
6314
3244
3368
210
4454
9322
9614
6050
1436
8896
4416
4992
9668
6518
8962
2352
4764
4948
8504
3040
362
8032
3870
4676
974
8676
3424
2176
2154
3980
5082
332
1322
7170
7740
204
6754
8874
1648
1604
4946
4346
7182
6780
5372
3172
5662
1036
2212
9742
5176
6238
1146
8566
4022
6990
1144
3766
8932
3844
4772
8822
6702
9026
5652
4404
7364
5862
8366
1300
102
4886
5808
1280
7004
9938
6186
7126
9624
7584
8036
6578
6888
8374
7906
1414
5066
2956
9006
5166
9288
2646
3402
924
4602
5522
8128
8318
1974
8294
3616
5176
9704
2246
8856
446
8378
3932
876
108
5276
9534
8350
7474
6632
2952
336
9176
5114
3108
9402
5388
4420
4598
6876
7174
1668
1134
1744
3314
8328
5870
4176
9106
5124
9890
9014
1818
332
9430
4824
9098
2120
5760
5206
2222
6146
274
6668
28
1130
6888
618
4102
1392
8388
4558
6382
2780
7226
9118
7618
8678
5536
2056
4870
8512
742
2096
4994
7836
8932
2048
6206
4706
4482
3448
1530
8574
6056
8362
1168
672
2668
9920
9670
5022
9792
1556
314
5728
3572
6474
7120
336
4922
6722
7168
1156
2652
7544
1834
3042
5548
6828
464
5914
9062
2440
392
7688
7618
7070
1402
1576
836
2048
5758
1974
5882
3988
3854
6426
3810
3812
3534
38
2316
9310
7824
5056
7868
4400
4694
5608
9204
438
4824
2180
5568
2904
2612
218
6872
2932
5958
3168
3620
7438
6656
3782
7276
7754
2960
1642
7262
1268
700
2038
6756
7650
8512
6236
1824
894
2760
6654
7676
5128
8000
6838
6936
5220
4754
7226
6998
2296
5324
4848
1040
3314
2362
4664
9730
2272
8178
9022
4068
3032
6770
4964
1506
6484
3894
6942
546
8124
7680
2368
7298
80
7150
5276
3722
7490
3182
8480
352
9440
3048
9844
5684
7784
5140
6440
6062
258
2466
9536
8658
8086
3060
3602
2274
4786
3834
6660
706
6470
4050
9250
814
3850
3876
2234
544
804
8950
4160
4512
9368
6142
6868
1128
9178
7236
9498
2398
1678
8546
6676
7842
7416
8796
8280
1032
2766
7006
6382
3556
7622
3588
9294
7740
578
3640
4318
552
4868
4368
1318
4974
6396
9904
5046
6056
6112
5138
9242
4606
5318
612
6892
1626
4194
2762
7260
2200
1498
886
7044
9812
1596
8556
8160
5060
4640
7586
2890
5774
1294
8052
9076
584
2090
6514
7346
1576
9406
7178
8438
4452
6484
106
3324
6784
4394
8246
8186
5184
1458
1172
8444
2632
3484
6700
5834
3400
5126
4430
5732
2882
9066
3626
8164
3872
3426
2306
5676
9750
3436
3908
1784
2178
4006
7258
2786
2180
4766
9622
4434
2094
828
6522
4534
6768
920
2058
7894
6312
4542
438
370
9258
4202
3928
8400
2216
6006
4786
2806
9090
5736
1164
5806
8144
130
9402
5350
1706
2268
3878
9626
2314
5318
9670
9362
6796
7630
8308
718
3972
4346
4222
8788
2824
7110
4000
9350
2536
8958
828
2298
3820
2124
8396
50
8208
8334
5422
2676
4652
8724
9424
9046
5118
9656
3958
4562
6890
1718
8364
7878
1038
5808
3784
2046
570
2418
9556
8520
1500
7854
8412
1204
8950
2098
8686
5982
2880
4062
724
1580
2932
3706
920
8538
8204
710
2264
2560
8254
6968
886
348
6952
7028
9870
5800
4668
7194
7812
1030
874
1740
2076
2310
712
2036
8070
6460
3378
1408
5988
2166
1318
7818
5388
1502
8186
5966
6506
6982
2758
3416
1416
2912
6638
1914
5552
4612
1072
9238
502
1720
4574
2238
1002
7722
850
9240
9912
6830
1178
5620
974
5452
8444
8308
6514
9906
1792
5498
8612
7494
6338
2988
7648
9602
4306
6086
1056
7776
8472
1004
5332
6408
696
564
3234
4162
1412
900
3388
4452
3112
2742
2002
9248
204
2906
9124
3388
2590
3734
9870
160
542
5456
6856
9186
6090
7354
7488
2078
632
5726
8632
7458
1438
3122
3588
1568
9728
5490
2356
8404
